=== ENDING STOCKS COMPOSITION (1000 MT, raw value; share of world) ===
MY           BR       TH       IN       CH       PK       E4       US       ID       MX       AS       EG       RS       UP       RP       IR    WORLD
2014        950     5263    10607    10390     1270     4151     1647      949      860      140      395      100      206      342      400    48101
2015        750     5281     9294     9591     1470     1241     1863     1098     1099      230      270      150      131      481      460    43735
2016        850     5618     6570     7811     2805     1776     1702     1743     1062      220      120      350       76      481      535    41326
2017        920     6841    14214     6567     3140     1547     1822     1793     1479      130      180      440      196      429      480    50936
2018        220     8330    17614     5408     1920     1260     1618     2300     1239      137      145      550       58      599      485    52192
2019        590     7569    14614     4027     1685     2076     1468     1941      910       38      165      609      273      672      601    47183
2020        340     9067    13213     5374     2752     1106     1547     2653     1116      135      135      565      369      515      638    49615
2021        340     9212     9506     5014     3812     1463     1652     2370     1022      294       90      624      504      387      650    47076
2022        690    10030     9596     2091     3472     1016     1672     2330      885      784      155      580      490      833      618    45555
2023        760    10556     8400     1395     3392      376     2014     1950     1503      788      845      624      636      656      651    44824
2024        570    11296     6046     1643     1952      200     2257     1750     1190     1062     1155      655      801      939      692    42252
2025        321    13254     5076     2783     2162      511     1807     1080     1132     1266     1245      704      679      753      756    43523

=== SHARE OF WORLD ENDING STOCKS (%) ===
MY           BR       TH       IN       CH       PK       E4       US       ID       MX       AS       EG       RS       UP       RP       IR    WORLD
2014        2.0     10.9     22.1     21.6      2.6      8.6      3.4      2.0      1.8      0.3      0.8      0.2      0.4      0.7      0.8    100.0
2015        1.7     12.1     21.3     21.9      3.4      2.8      4.3      2.5      2.5      0.5      0.6      0.3      0.3      1.1      1.1    100.0
2016        2.1     13.6     15.9     18.9      6.8      4.3      4.1      4.2      2.6      0.5      0.3      0.8      0.2      1.2      1.3    100.0
2017        1.8     13.4     27.9     12.9      6.2      3.0      3.6      3.5      2.9      0.3      0.4      0.9      0.4      0.8      0.9    100.0
2018        0.4     16.0     33.7     10.4      3.7      2.4      3.1      4.4      2.4      0.3      0.3      1.1      0.1      1.1      0.9    100.0
2019        1.3     16.0     31.0      8.5      3.6      4.4      3.1      4.1      1.9      0.1      0.3      1.3      0.6      1.4      1.3    100.0
2020        0.7     18.3     26.6     10.8      5.5      2.2      3.1      5.3      2.2      0.3      0.3      1.1      0.7      1.0      1.3    100.0
2021        0.7     19.6     20.2     10.7      8.1      3.1      3.5      5.0      2.2      0.6      0.2      1.3      1.1      0.8      1.4    100.0
2022        1.5     22.0     21.1      4.6      7.6      2.2      3.7      5.1      1.9      1.7      0.3      1.3      1.1      1.8      1.4    100.0
2023        1.7     23.5     18.7      3.1      7.6      0.8      4.5      4.4      3.4      1.8      1.9      1.4      1.4      1.5      1.5    100.0
2024        1.3     26.7     14.3      3.9      4.6      0.5      5.3      4.1      2.8      2.5      2.7      1.6      1.9      2.2      1.6    100.0
2025        0.7     30.5     11.7      6.4      5.0      1.2      4.2      2.5      2.6      2.9      2.9      1.6      1.6      1.7      1.7    100.0

=== STOCK LAYERING: locked (policy/domestic-buffer) vs residual ===
MY     world   locked   locked%%  residual(BR+AU+EU+GT+AR+CO+others)
2014     48101    32429    67.4%      15672
2015     43735    31188    71.3%      12547
2016     41326    28873    69.9%      12453
2017     50936    37581    73.8%      13355
2018     52192    40266    77.1%      11926
2019     47183    34534    73.2%      12649
2020     49615    37944    76.5%      11671
2021     47076    34843    74.0%      12233
2022     45555    32752    71.9%      12803
2023     44824    32622    72.8%      12202
2024     42252    30376    71.9%      11876
2025     43523    31431    72.2%      12092

=== BRAZIL: the marginal supplier (zero-carryover machine) ===
MY    prod     exp   end  end/exp%%  cons
2014    35950   23950   950      4.0%  11400
2015    34650   24350   750      3.1%  10500
2016    39150   28500   850      3.0%  10550
2017    38870   28200   920      3.3%  10600
2018    29500   19600   220      1.1%  10600
2019    30300   19280   590      3.1%  10650
2020    42050   32150   340      1.1%  10150
2021    35450   25950   340      1.3%   9500
2022    38050   28200   690      2.4%   9500
2023    45544   35974   760      2.1%   9500
2024    43700   34890   570      1.6%   9000
2025    43800   34101   321      0.9%   9948

=== INDIA / THAILAND exports (policy swing supplier) ===
MY     IN_exp  IN_prod  IN_end   TH_exp  TH_prod  TH_end
2014      2580    30460   10607     8252    10793    5263
2015      3800    27385    9294     7055     9743    5281
2016      2125    22200    6570     7016    10033    5618
2017      2236    34309   14214    10907    14710    6841
2018      4700    34300   17614    10612    14581    8330
2019      5800    28900   14614     6695     8294    7569
2020      8406    33760   13213     3739     7587    9067
2021     11548    36880    9506     6835    10157    9212
2022      8303    37000    9596     6899    11059   10030
2023      3966    29500    8400     4438     8808   10556
2024      3831    28000    6046     5650    10240   11296
2025      3500    30000    5076     6000    11258   13254

=== CHINA: state reserve drawdown ===
MY     prod   imp   cons    end  end%%world
2014    11000   5058  15600  10390     21.6%
2015     9050   6116  15800   9591     21.9%
2016     9300   4600  15600   7811     18.9%
2017    10300   4350  15700   6567     12.9%
2018    10760   4086  15800   5408     10.4%
2019    10400   3808  15400   4027      8.5%
2020    10600   6379  15500   5374     10.8%
2021     9600   5199  14999   5014     10.7%
2022     8960   3841  15541   2091      4.6%
2023     9960   5012  15500   1395      3.1%
2024    11160   4644  15390   1643      3.9%
2025    12600   5450  16750   2783      6.4%

=== WORLD BALANCE (USDA PSD raw value) ===
MY      prod    cons     bal     beg     end   s/u%%  exp
2014    177756  168839   +4135   43966   48101  28.5%  55033
2015    164972  169798   -4366   48101   43735  25.8%  54187
2016    172143  169924   -2409   43735   41326  24.3%  60047
2017    194206  174413   +9610   41326   50936  29.2%  65868
2018    179132  172780   +1256   50936   52192  30.2%  58285
2019    166555  172137   -5009   52192   47183  27.4%  53524
2020    180262  172150   +2432   47183   49615  28.8%  63971
2021    180601  175313   -2539   49615   47076  26.9%  64456
2022    178756  177530   -1521   47076   45555  25.7%  61932
2023    179565  177637    -731   45555   44824  25.2%  63041
2024    180345  176004   -2572   44824   42252  24.0%  64813
2025    186056  180469   +1271   42252   43523  24.1%  62648